3.1415926535
  8979323846
  2643383279
  5028841971
  6939937510
  5820974944
  5923078164
  0628620899
  8628034825
  3421170679
  8214808651
  3282306647
  0938446095
  5058223172
  5359408128
  4811174502
  8410270193
  8521105559
  6446229489
  5493038196
  4428810975
  6659334461284
  7564823378
  6783165271
  2019091456
  4856692346
  0348610454
  3266482133
  9360726024
  9141273724
  5870066063155
  8817488152
  0920962829
  2540917153
  6436789259
  0360011330
  5305488204
  6652138414
  6951941511
  6094330572703
  6575959195
  3092186117
  3819326117
  9310511854
  8074462379
  9627495673
  5188575272
  4891227938
  1830119491298
  3367336244
  0656643086
  0213949463
  9522473719
  0702179860
  9437027705
  3921717629
  3176752384
  6748184676694
  0513200056
  8127145263
  5608277857
  7134275778
  9609173637
  1787214684
  4090122495
  3430146549
  5853710507922
  7968925892
  3542019956
  1121290219
  6086403441
  8159813629
  7747713099
  6051870721
  1349999998
  3729780499510
  5973173281
  6096318595
  0244594553
  4690830264
  2522308253
  3446850352
  6193118817
  1010003137
  8387528865875
  3320838142
  0617177669
  1473035982
  5349042875
  5468731159
  5628638823
  5378759375
  1957781857
  7805321712268
  0661300192
  7876611195
  9092164201
  9893809525
  7201065485
  8632788659
  3615338182
  7968230301
  9520353018529
  6899577362
  2599413891
  2497217752
  8347913151
  5574857242
  4541506959
  5082953311
  6861727855
  8890750983817
  5463746493
  9319255060
  4009277016
  7113900984
  8824012858
  3616035637
  0766010471
  0181942955
  5961989467678
  3744944825
  5379774726
  8471040475
  3464620804
  6684259069
  4912933136
  7702898915
  2104752162
  0569660240580
  3815019351
  1253382430
  0355876402
  4749647326
  3914199272
  6042699227
  9678235478
  1636009341
  7216412199245
  8631503028
  6182974555
  7067498385
  0549458858
  6926995690
  9272107975
  0930295532
  1165344987
  2027559602364
  8066549911
  9881834797
  7535663698
  0742654252
  7862551818
  4175746728
  9097777279
  3800081647
  0600161452491
  9217321721
  4772350141
  4419735685
  4816136115
  7352552133
  4757418494
  6843852332
  3907394143
  3345477624168
  6251898356
  9485562099
  2192221842
  7255025425
  6887671790
  4946016534
  6680498862
  7232791786
  0857843838279
  6797668145
  4100953883
  7863609506
  8006422512
  5205117392
  9848960841
  2848862694
  5604241965
  2850222106611
  8630674427
  8622039194
  9450471237
  1378696095
  6364371917
  2874677646
  5757396241
  3890865832
  6459958133904
  7802759009
  9465764078
  9512694683
  9835259570
  9825822620
  5224894077
  2671947826
  8482601476
  9909026401363
  9443745530
  5068203496
  2524517493
  9965143142
  9809190659
  2509372216
  9646151570
  9858387410
  5978859597729
  7549893016
  1753928468
  1382686838
  6894277415
  5991855925
  2459539594
  3104997252
  4680845987
  2736446958486
  5383673622
  2626099124
  6080512438
  8439045124
  4136549762
  7807977156
  9143599770
  0129616089
  4416948685558
  4840635342
  2072225828
  4886481584
  5602850601
  6842739452
  2674676788
  9525213852
  2549954666
  7278239864565
  9611635488
  6230577456
  4980355936
  3456817432
  4112515076
  0694794510
  9659609402
  5228879710
  8931456691368
  6722874894
  0560101503
  3086179286
  8092087476
  0917824938
  5890097149
  0967598526
  1365549781
  8931297848216
  8299894872
  2658804857
  5640142704
  7755513237
  9641451523
  7462343645
  4285844479
  5265867821
  0511413547357
  3952311342
  7166102135
  9695362314
  4295248493
  7187110145
  7654035902
  7993440374
  2007310578
  5390621983874
  4780847848
  9683321445
  7138687519
  4350643021
  8453191048
  4810053706
  1468067491
  9278191197
  9399520614196
  6342875444
  0643745123
  7181921799
  9839101591
  9561814675
  1426912397
  4894090718
  6494231961
  5679452080951
  4655022523
  1603881930
  1420937621
  3785595663
  8937787083
  0390697920
  7734672218
  2562599661
  5014215030680
  3844773454
  9202605414
  6659252014
  9744285073
  2518666002
  1324340881
  9071048633
  1734649651
  4539057962685
  6100550810
  6658796998
  1635747363
  8405257145
  9102897064
  1401109712
  0628043903
  9759515677
  1577004203378
  6993600723
  0558763176
  3594218731
  2514712053
  2928191826
  1861258673
  2157919841
  4848829164
  4706095752706
  9572209175
  6711672291
  0981690915
  2801735067
  1274858322
  2871835209
  3539657251
  2108357915
  1369882091444
  2100675103
  3467110314
  1267111369
  9086585163
  9831501970
  1651511685
  1714376576
  1835155650
  8849099898599
  8238734552
  8331635507
  6479185358
  9322618548
  9632132933
  0898570642
  0467525907
  0915481416
  5498594616371
  8027098199
  4309924488
  9575712828
  9059232332
  6097299712
  0844335732
  6548938239
  1193259746
  3667305836041
  4281388303
  2038249037
  5898524374
  4170291327
  6561809377
  3444030707
  4692112019
  1302033038
  0197621101100
  4492932151
  6084244485
  9637669838
  9522868478
  3123552658
  2131449576
  8572624334
  4189303968
  6426243410773
  2269780280
  7318915441
  1010446823
  2527162010
  5265227211
  1660396665
  5730925471
  1055785376
  3466820653109
  8965269186
  2056476931
  2570586356
  6201855810
  0729360659
  8764861179
  1045334885
  0346113657
  6867532494416
  6803962657
  9787718556
  0845529654
  1266540853
  0614344431
  8586769751
  4566140680
  0700237877
  6591344017127
  4947042056
  2230538994
  5613140711
  2700040785
  4733269939
  0814546646
  4588079727
  0826683063
  4328587856983
  0523580893
  3065757406
  7954571637
  7525420211
  4955761581
  4002501262
  2859413021
  6471550979
  2592309907965
  4737612551
  7656751357
  5178296664
  5477917450
  1129961489
  0304639947
  1329621073
  4043751895
  7359614589019
  3897131117
  9042978285
  6475032031
  9869151402
  8708085990
  4801094121
  4722131794
  7647772622
  4142548545403
  3215718530
  6142288137
  5850430633
  2175182979
  8662237172
  1591607716
  6925474873
  8986654949
  4501146540628
  4336639379
  0039769265
  6721463853
  0673609657
  1209180763
  8327166416
  2748888007
  8692560290
  2284721040317
  2118608204
  1900042296
  6171196377
  9213375751
  1495950156
  6049631862
  9472654736
  4252308177
  0367515906735
  0235072835
  4056704038
  6743513622
  2247715891
  5049530984
  4489333096
  3408780769
  3259939780
  5419341447377
  4418426312
  9860809988
  8687413260
  4721569516
  2396586457
  3021631598
  1931951673
  5381297416
  7729478672422
  9246543668
  0098067692
  8238280689
  9640048243
  5403701416
  3149658979
  4092432378
  9690706977
  9422362508221
  6889573837
  9862300159
  3776471651
  2289357860
  1588161755
  7829735233
  4460428151
  2627203734
  3146531977774
  1603199066
  5541876397
  9293344195
  2154134189
  9485444734
  5673831624
  9934191318
  1480927777
  1038638773431
  7720754565
  4532207770
  9212019051
  6609628049
  0926360197
  5988281613
  3231666365
  2861932668
  6336062735676
  3035447762
  8035045077
  7235547105
  8595487027
  9081435624
  0145171806
  2464362679
  4561275318
  1340783303362
  5423278394
  4975382437
  2058353114
  7711992606
  3813346776
  8796959703
  0983391307
  7109870408
  5913374641442
  8227726346
  5947047458
  7847787201
  9277152807
  3176790770
  7157213444
  7306057007
  3349243693
  1138350493163
  1284042512
  1925651798
  0694113528
  0131470130
  4781643788
  5185290928
  5452011658
  3934196562
  1349143415956
  2586586557
  0552690496
  5209858033
  8507224264
  8293972858
  4783163057
  7775606888
  7644624824
  6857926039535
  2773480304
  8029005876
  0758251047
  4709164396
  1362676044
  9256274204
  2083208566
  1190625454
  3372131535958
  4506877246
  0290161876
  6795240616
  3425225771
  9542916299
  1930645537
  7991403734
  0432875262
  8889639958794
  7572917464
  2635745525
  4079091451
  3571113694
  1091193932
  5191076020
  8252026187
  9853188770
  5842972591677
  8131496990
  0901921169
  7173727847
  6847268608
  4900337702
  4242916513
  0050051683
  2336435038
  9517029893922
  3345172201
  3812806965
  0117844087
  4519601212
  2859937162
  3130171144
  4846409038
  9064495444
  0061986907548
  5160263275
  0529834918
  7407866808
  8183385102
  2833450850
  4860825039
  3021332197
  1551843063
  5455007668282
  9493041377
  6552793975
  1754613953
  9846833936
  3830474611
  9966538581
  5384205685
  3386218672
  5233402830871
  1232827892
  1250771262
  9463229563
  9898989358
  2116745627
  0102183564
  6220134967
  1518819097
  3038119800497
  3407239610
  3685406643
  1939509790
  1906996395
  5245300545
  0580685501
  9567302292
  1913933918
  5680344903982
  0595510022
  6353536192
  0419947455
  3859381023
  4395544959
  7783779023
  7421617271
  1172364343
  5439478221818
  5286240851
  4006660443
  3258885698
  6705431547
  0696574745
  8550332323
  3421073015
  4594051655
  3790686627333
  7995851156
  2578432298
  8273723198
  9875714159
  5781119635
  8330059408
  7306812160
  2876496286
  7446047746491
  5995054973
  7425626901
  0490377819
  8683593814
  6574126804
  9256487985
  5614537234
  7867330390
  4688383436346
  5537949864
  1927056387
  2931748723
  3208376011
  2302991136
  7938627089
  4387993620
  1629515413
  3714248928307
  2201269014
  7546684765
  3576164773
  7946752004
  9075715552
  7819653621
  3239264061
  6013635815
  5907422020203
  1872776052
  7721900556
  1484255518
  7925303435
  1398442532
  2341576233
  6106425063
  9049750086
  5627109535919
  4658975141
  3103482276
  9306247435
  3632569160
  7815478181
  1528436679
  5706110861
  5331504452
  1274739245449
  4542368288
  6061340841
  4863776700
  9612071512
  4914043027
  2538607648
  2363414334
  6235189757
  6645216413767
  9690314950
  1910857598
  4423919862
  9164219399
  4907236234
  6468441173
  9403265918
  4044378051
  3338945257423
  9950829659
  1228508555
  8215725031
  0712570126
  6830240292
  9525220118
  7267675622
  0415420516
  1841634847565
  1699981161
  4101002996
  0783869092
  9160302884
  0026910414
  0792886215
  0784245167
  0908700069
  9282120660418
  3718065355
  6725253256
  7532861291
  0424877618
  2582976515
  7959847035
  6222629348
  6003415872
  2980534989650
  2262917487
  8820273420
  9222245339
  8562647669
  1490556284
  2503912777
  1028402799
  8066365825
  4889264880254
  5661017296
  7026640765
  5904290994
  5681506526
  5305371829
  4127033693
  1378517860
  9040708667
  1149655834343
  4769338578
  1711386455
  8736781230
  1458768712
  6603489139
  0956200993
  9361031029
  1616152881
  3843790990423
  1747336394
  8045759314
  9314052976
  3475748119
  3567091101
  3775172100
  8031559024
  8530906692
  0376719220332
  2909433467
  6851422144
  7737939375
  1703443661
  9910403375
  1117354719
  1855046449
  0263655128
  1622882446257
  5916333039
  1072253837
  4218214088
  3508657391
  7715096828
  8747826569
  9599574490
  6617583441
  3752239709683
  4080053559
  8491754173
  8188399944
  6974867626
  5516582765
  8483588453
  1427756879
  0029095170
  2835297163445
  6212964043
  5231176006
  6510124120
  0659755851
  2761785838
  2920419748
  4423608007
  1930457618
  9323492292796
  5019875187
  2127267507
  9812554709
  5890455635
  7921221033
  3466974992
  3563025494
  7802490114
  1952123828153
  0911407907
  3860251522
  7429958180
  7247162591
  6685451333
  1239480494
  7079119153
  2673430282
  4418604142636
  3954800044
  8002670496
  2482017928
  9647669758
  3183271314
  2517029692
  3488962766
  8440323260
  9275249603579
  9646925650
  4936818360
  9003238092
  9345958897
  0695365349
  4060340216
  6544375589
  0045632882
  2505452556405
  6448246515
  1875471196
  2184439658
  2533754388
  5690941130
  3150952617
  9378002974
  1207665147
  9394259029896
  9594699556
  5761218656
  1967337862
  3625612521
  6320862869
  2221032748
  8921865436
  4802296780
  7057656151446
  3204692790
  6821207388
  3778142335
  6282360896
  3208068222
  4680122482
  6117718589
  6381409183
  9036736722208
  8832151375
  5600372798
  3940041529
  7002878307
  6670944474
  5601345564
  1725437090
  6979396122
  5714298946715
  4357846878
  8614445812
  3145935719
  8492252847
  1605049221
  2424701412
  1478057345
  5105008019
  0869960330276
  3478708108
  1754501193
  0714122339
  0866393833
  9529425786
  9050764310
  0638351983
  4389341596
  1318543475464
  9556978103
  8293097164
  6514384070
  0707360411
  2373599843
  4522516105
  0702705623
  5266012764
  8483084076118
  3013052793
  2054274628
  6540360367
  4532865105
  7065874882
  2569815793
  6789766974
  2205750596
  8344086973502
  0141020672
  3585020072
  4522563265
  1341055924
  0190274216
  2484391403
  5998953539
  4590944070
  4691209140938
  7001264560
  0162374288
  0210927645
  7931065792
  2955249887
  2758461012
  6483699989
  2256959688
  1592056001016
  5525637567
  8566722796
  6198857827
  9484885583
  4397518744
  5455129656
  3443480396
  6420557982
  9368043522027
  7098429423
  2533022576
  3418070394
  7699415979
  1594530069
  7521482933
  6655566156
  7873640053
  6665641654732
  1704390352
  1329543529
  1694145990
  4160875320
  1868379370
  2348886894
  7915107163
  7852902345
  2924407736594
  9563051007
  4210871426
  1349745956
  1513849871
  3757047101
  7879573104
  2296906667
  0214498637
  4645952808243
  6944578977
  2330048764
  7652413390
  7592043401
  9634039114
  7320233807
  1509522201
  0682563427
  4716460243354
  4005152126
  6932493419
  6739770415
  9568375355
  5166730273
  9007497297
  3635496453
  3288869844
  0611964961627
  7344951827
  3695588220
  7573551766
  5158985519
  0986665393
  5494810688
  7320685990
  7540792342
  4023009259007
  0173196036
  2254756478
  9406475483
  4664776041
  1463233905
  6513433068
  4495397907
  0903023460
  4614709616968
  8688501408
  3470405460
  7429586991
  3829668246
  8185710318
  8790652870
  3665083243
  1974404771
  8556789348230
  8943106828
  7027228097
  3624809399
  6270607472
  6455399253
  9944280811
  3736943388
  7294063079
  2615959954626
  2462970706
  2594845569
  0347119729
  9640908941
  8059534393
  2512362355
  0813494900
  4364278527
  1383159125689
  8929519642
  7287573946
  9142725343
  6694153236
  1004537304
  8819855170
  6594121735
  2462589548
  7301676002988
  6592578662
  8561249665
  5235338294
  2878542534
  0483083307
  0165372285
  6355915253
  4784459818
  3134112900199
  9205981352
  2051173365
  8564078264
  8494276441
  1376393866
  9248031183
  6445369858
  9175442647
  3998822846218
  4490087776
  9776312795
  7226726555
  6259628254
  2765318300
  1340709223
  3436577916
  0128093179
  4017185985999
  3384923549
  5640057099
  5585611349
  8025249906
  6984233017
  3503580440
  8116855265
  3117099570
  8994273287092
  5848789443
  6460050410
  8922669178
  3525870785
  9512983441
  7295351953
  7885534573
  7426085902
  9081765155780
  3905946408
  7350612322
  6112009373
  1080485485
  2635722825
  7682034160
  5048466277
  5045003126
  2008007998049
  2548534694
  1469775164
  9327095049
  3463938243
  2227188515
  9740547021
  4828971117
  7792376122
  5788734771881
  9682546298
  1268685817
  0507402725
  5026332904
  4976277894
  4236216741
  1918626943
  9650671515
  7795867564823
  9939176042
  6017633870
  4549901761
  4364120469
  2182370764
  8878341968
  9686118155
  8158736062
  9386038101712
  1585527266
  8300823834
  0465647588
  0405138080
  1633638874
  2163714064
  3549556186
  8964112282
  1407533026551
  0042410489
  6783528588
  2902436709
  0488711819
  0909494533
  1442182876
  6181031007
  3547705498
  1596807720094
  7469613436
  0928614849
  4178501718
  0779306810
  8546900094
  4589952794
  2439813921
  3505586422
  1964834915126
  3901280383
  2001097738
  6806628779
  2397180146
  1343244572
  6400973742
  5700735921
  0031541508
  9367930081699
  8053652027
  6007277496
  7458400283
  6240534603
  7263416554
  2590276018
  3484030681
  1381855105
  9797056640075
  0942608788
  5735796037
  3245141467
  8670368809
  8806097164
  2584975951
  3806930944
  9401515422
  2219432913021
  7391253835
  5915031003
  3303251117
  4915696917
  4502714943
  3151558854
  0392216409
  7229101129
  0355218157628
  2328318234
  2548326111
  9128009282
  5256190205
  2630163911
  4772473314
  8573910777
  5874425387
  6117465786711
  6941477642
  1441111263
  5835538713
  6101102326
  7987756410
  2468240322
  6483464176
  6369806637
  8576813492045
  3022408197
  2785647198
  3963087815
  4322116691
  2246415911
  7767322532
  6433568614
  6186545222
  6812688726844
  5968442416
  1078540167
  6814208088
  5028005414
  3613146230
  8210259417
  3756238994
  2075713627
  5167457318918
  9456283525
  7044133543
  7585753426
  9869947254
  7031656613
  9919996826
  2824727064
  1336222178
  9239031760854
  2894373393
  5618891651
  2504244040
  0895271983
  7873864805
  8472689546
  2438823437
  5178852014
  3956005710481
  1949884239
  0606136957
  3423155907
  9670346149
  1434478863
  6041031823
  5073650277
  8590897578
  2727313050488
  9398900992
  3913503373
  2508559826
  5586708924
  2612429473
  6701939077
  2713070686
  9170926462
  5484232407485
  5036608013
  6046689511
  8400936686
  0954632500
  2145852930
  9500009071
  5105823626
  7293264537
  3821049387249
  9669933942
  4685516483
  2611341461
  1068026744
  6637334375
  3407642940
  2668297386
  5220935701
  6263846485285
  1490362932
  0199199688
  2851718395
  3669134522
  2444708045
  9239660281
  7156551565
  6661113598
  2311225062890
  5854914509
  7157553900
  2439315351
  9090210711
  9457300243
  8801766150
  3527086260
  2537881797
  5194780610137
  1500448991
  7210022201
  3350131060
  1639154158
  9578037117
  7927752259
  7874289191
  7915522417
  1895853616805
  9474123419
  3398420218
  7456492564
  4346239253
  1953135103
  3114763949
  1199507285
  8430658361
  9353693296992
  8983791494
  1939406085
  7248639688
  3690326556
  4364216644
  2576079147
  1086998431
  5733749648
  8352927693282
  2076294728
  2381537409
  9615455987
  9825989109
  3717126218
  2830258481
  1238901196
  8221429457
  6675807186538
  0650648702
  6133892822
  9949725745
  3033283896
  3818439447
  7077940228
  4359883410
  0358385423
  8973542439564
  7555684095
  2248445541
  3923941000
  1620769363
  6846776413
  0178196593
  7997155746
  8541946334
  8937484391297
  4239143365
  9360410035
  2343777065
  8886778113
  9498616478
  7471407932
  6385873862
  4732889645
  6435987746676
  3847946650
  4074111825
  6583788784
  5485814896
  2961273998
  4134427260
  8606187245
  5452360643
  1537101127468
  0977870446
  4094758280
  3487697589
  4832824123
  9292960582
  9486191966
  7091895808
  9833201210
  3184303401284
  9511620353
  4280144127
  6172858302
  4355983003
  2042024512
  0728725355
  8119584014
  9180969253
  3950757784000
  6746552603
  1446167050
  8276827722
  2353419110
  2634163157
  1474061238
  5042584598
  8419907611
  2872580591139
  3568960143
  1668283176
  3235673254
  1707342081
  7332230462
  9879928049
  0851409479
  0368878687
  8949305469557
  0307261900
  9502076433
  4933591060
  2454508645
  3628935456
  8629585313
  1533718386
  8265617862
  2736371697577
  4183023986
  0065914816
  1640494496
  5011732131
  3895747062
  0884748023
  6537103115
  0898427992
  7544268532779
  7431139514
  3574172219
  7597993596
  8525228574
  5263796289
  6126915723
  5798662057
  3408375766
  873884266